62 32 116
1.0 0.0 0.0
1.0 0.0 1.0
0.9781476 0.20791169 0.0
0.9781476 0.20791169 1.0
0.9135454 0.40673664 0.0
0.9135454 0.40673664 1.0
0.809017 0.58778524 0.0
0.809017 0.58778524 1.0
0.6691306 0.7431448 0.0
0.6691306 0.7431448 1.0
0.5 0.8660254 0.0
0.5 0.8660254 1.0
0.309017 0.95105654 0.0
0.309017 0.95105654 1.0
0.104528464 0.9945219 0.0
0.104528464 0.9945219 1.0
-0.104528464 0.9945219 0.0
-0.104528464 0.9945219 1.0
-0.309017 0.95105654 0.0
-0.309017 0.95105654 1.0
-0.5 0.8660254 0.0
-0.5 0.8660254 1.0
-0.6691306 0.7431448 0.0
-0.6691306 0.7431448 1.0
-0.809017 0.58778524 0.0
-0.809017 0.58778524 1.0
-0.9135454 0.40673664 0.0
-0.9135454 0.40673664 1.0
-0.9781476 0.20791169 0.0
-0.9781476 0.20791169 1.0
-1.0 1.2246469E-16 0.0
-1.0 1.2246469E-16 1.0
-0.9781476 -0.20791169 0.0
-0.9781476 -0.20791169 1.0
-0.9135454 -0.40673664 0.0
-0.9135454 -0.40673664 1.0
-0.809017 -0.58778524 0.0
-0.809017 -0.58778524 1.0
-0.6691306 -0.7431448 0.0
-0.6691306 -0.7431448 1.0
-0.5 -0.8660254 0.0
-0.5 -0.8660254 1.0
-0.309017 -0.95105654 0.0
-0.309017 -0.95105654 1.0
-0.104528464 -0.9945219 0.0
-0.104528464 -0.9945219 1.0
0.104528464 -0.9945219 0.0
0.104528464 -0.9945219 1.0
0.309017 -0.95105654 0.0
0.309017 -0.95105654 1.0
0.5 -0.8660254 0.0
0.5 -0.8660254 1.0
0.6691306 -0.7431448 0.0
0.6691306 -0.7431448 1.0
0.809017 -0.58778524 0.0
0.809017 -0.58778524 1.0
0.9135454 -0.40673664 0.0
0.9135454 -0.40673664 1.0
0.9781476 -0.20791169 0.0
0.9781476 -0.20791169 1.0
1.0 -2.4492937E-16 0.0
1.0 -2.4492937E-16 1.0
0.9945219 0.10452846 0.0
0.95105654 0.309017 0.0
0.86602545 0.5 0.0
0.74314487 0.66913056 0.0
0.58778524 0.809017 0.0
0.40673664 0.9135454 0.0
0.20791169 0.9781476 0.0
0.0 1.0 0.0
-0.20791169 0.9781476 0.0
-0.40673664 0.9135454 0.0
-0.58778524 0.809017 0.0
-0.74314487 0.66913056 0.0
-0.86602545 0.5 0.0
-0.95105654 0.309017 0.0
-0.9945219 0.10452846 0.0
-0.9945219 -0.10452846 0.0
-0.95105654 -0.309017 0.0
-0.86602545 -0.5 0.0
-0.74314487 -0.66913056 0.0
-0.58778524 -0.809017 0.0
-0.40673664 -0.9135454 0.0
-0.20791169 -0.9781476 0.0
0.0 -1.0 0.0
0.20791169 -0.9781476 0.0
0.40673664 -0.9135454 0.0
0.58778524 -0.809017 0.0
0.74314487 -0.66913056 0.0
0.86602545 -0.5 0.0
0.95105654 -0.309017 0.0
0.9945219 -0.10452846 0.0
0.0 0.0 1.0
0.0 0.0 -1.0
3 0 2 1 0 0 0 
3 1 2 3 0 0 0 
3 2 4 3 1 1 1 
3 3 4 5 1 1 1 
3 4 6 5 2 2 2 
3 5 6 7 2 2 2 
3 6 8 7 3 3 3 
3 7 8 9 3 3 3 
3 8 10 9 4 4 4 
3 9 10 11 4 4 4 
3 10 12 11 5 5 5 
3 11 12 13 5 5 5 
3 12 14 13 6 6 6 
3 13 14 15 6 6 6 
3 14 16 15 7 7 7 
3 15 16 17 7 7 7 
3 16 18 17 8 8 8 
3 17 18 19 8 8 8 
3 18 20 19 9 9 9 
3 19 20 21 9 9 9 
3 20 22 21 10 10 10 
3 21 22 23 10 10 10 
3 22 24 23 11 11 11 
3 23 24 25 11 11 11 
3 24 26 25 12 12 12 
3 25 26 27 12 12 12 
3 26 28 27 13 13 13 
3 27 28 29 13 13 13 
3 28 30 29 14 14 14 
3 29 30 31 14 14 14 
3 30 32 31 15 15 15 
3 31 32 33 15 15 15 
3 32 34 33 16 16 16 
3 33 34 35 16 16 16 
3 34 36 35 17 17 17 
3 35 36 37 17 17 17 
3 36 38 37 18 18 18 
3 37 38 39 18 18 18 
3 38 40 39 19 19 19 
3 39 40 41 19 19 19 
3 40 42 41 20 20 20 
3 41 42 43 20 20 20 
3 42 44 43 21 21 21 
3 43 44 45 21 21 21 
3 44 46 45 22 22 22 
3 45 46 47 22 22 22 
3 46 48 47 23 23 23 
3 47 48 49 23 23 23 
3 48 50 49 24 24 24 
3 49 50 51 24 24 24 
3 50 52 51 25 25 25 
3 51 52 53 25 25 25 
3 52 54 53 26 26 26 
3 53 54 55 26 26 26 
3 54 56 55 27 27 27 
3 55 56 57 27 27 27 
3 56 58 57 28 28 28 
3 57 58 59 28 28 28 
3 58 60 59 29 29 29 
3 59 60 61 29 29 29 
3 1 3 5 30 30 30 
3 1 5 7 30 30 30 
3 1 7 9 30 30 30 
3 1 9 11 30 30 30 
3 1 11 13 30 30 30 
3 1 13 15 30 30 30 
3 1 15 17 30 30 30 
3 1 17 19 30 30 30 
3 1 19 21 30 30 30 
3 1 21 23 30 30 30 
3 1 23 25 30 30 30 
3 1 25 27 30 30 30 
3 1 27 29 30 30 30 
3 1 29 31 30 30 30 
3 1 31 33 30 30 30 
3 1 33 35 30 30 30 
3 1 35 37 30 30 30 
3 1 37 39 30 30 30 
3 1 39 41 30 30 30 
3 1 41 43 30 30 30 
3 1 43 45 30 30 30 
3 1 45 47 30 30 30 
3 1 47 49 30 30 30 
3 1 49 51 30 30 30 
3 1 51 53 30 30 30 
3 1 53 55 30 30 30 
3 1 55 57 30 30 30 
3 1 57 59 30 30 30 
3 0 4 2 31 31 31 
3 0 6 4 31 31 31 
3 0 8 6 31 31 31 
3 0 10 8 31 31 31 
3 0 12 10 31 31 31 
3 0 14 12 31 31 31 
3 0 16 14 31 31 31 
3 0 18 16 31 31 31 
3 0 20 18 31 31 31 
3 0 22 20 31 31 31 
3 0 24 22 31 31 31 
3 0 26 24 31 31 31 
3 0 28 26 31 31 31 
3 0 30 28 31 31 31 
3 0 32 30 31 31 31 
3 0 34 32 31 31 31 
3 0 36 34 31 31 31 
3 0 38 36 31 31 31 
3 0 40 38 31 31 31 
3 0 42 40 31 31 31 
3 0 44 42 31 31 31 
3 0 46 44 31 31 31 
3 0 48 46 31 31 31 
3 0 50 48 31 31 31 
3 0 52 50 31 31 31 
3 0 54 52 31 31 31 
3 0 56 54 31 31 31 
3 0 58 56 31 31 31 