62 33 116
1.0 0.0 0.0
1.0 0.0 1.0
0.9781476 0.20791169 0.0
0.9781476 0.20791169 1.0
0.9135454 0.40673664 0.0
0.9135454 0.40673664 1.0
0.809017 0.58778524 0.0
0.809017 0.58778524 1.0
0.6691306 0.7431448 0.0
0.6691306 0.7431448 1.0
0.5 0.8660254 0.0
0.5 0.8660254 1.0
0.309017 0.95105654 0.0
0.309017 0.95105654 1.0
0.104528464 0.9945219 0.0
0.104528464 0.9945219 1.0
-0.104528464 0.9945219 0.0
-0.104528464 0.9945219 1.0
-0.309017 0.95105654 0.0
-0.309017 0.95105654 1.0
-0.5 0.8660254 0.0
-0.5 0.8660254 1.0
-0.6691306 0.7431448 0.0
-0.6691306 0.7431448 1.0
-0.809017 0.58778524 0.0
-0.809017 0.58778524 1.0
-0.9135454 0.40673664 0.0
-0.9135454 0.40673664 1.0
-0.9781476 0.20791169 0.0
-0.9781476 0.20791169 1.0
-1.0 1.2246469E-16 0.0
-1.0 1.2246469E-16 1.0
-0.9781476 -0.20791169 0.0
-0.9781476 -0.20791169 1.0
-0.9135454 -0.40673664 0.0
-0.9135454 -0.40673664 1.0
-0.809017 -0.58778524 0.0
-0.809017 -0.58778524 1.0
-0.6691306 -0.7431448 0.0
-0.6691306 -0.7431448 1.0
-0.5 -0.8660254 0.0
-0.5 -0.8660254 1.0
-0.309017 -0.95105654 0.0
-0.309017 -0.95105654 1.0
-0.104528464 -0.9945219 0.0
-0.104528464 -0.9945219 1.0
0.104528464 -0.9945219 0.0
0.104528464 -0.9945219 1.0
0.309017 -0.95105654 0.0
0.309017 -0.95105654 1.0
0.5 -0.8660254 0.0
0.5 -0.8660254 1.0
0.6691306 -0.7431448 0.0
0.6691306 -0.7431448 1.0
0.809017 -0.58778524 0.0
0.809017 -0.58778524 1.0
0.9135454 -0.40673664 0.0
0.9135454 -0.40673664 1.0
0.9781476 -0.20791169 0.0
0.9781476 -0.20791169 1.0
1.0 -2.4492937E-16 0.0
1.0 -2.4492937E-16 1.0
1.0 0.0 0.0
0.9781476 0.20791169 0.0
0.9135454 0.40673664 0.0
0.809017 0.58778524 0.0
0.6691306 0.7431448 0.0
0.5 0.8660254 0.0
0.309017 0.95105654 0.0
0.104528464 0.9945219 0.0
-0.104528464 0.9945219 0.0
-0.309017 0.95105654 0.0
-0.5 0.8660254 0.0
-0.6691306 0.7431448 0.0
-0.809017 0.58778524 0.0
-0.9135454 0.40673664 0.0
-0.9781476 0.20791169 0.0
-1.0 1.2246469E-16 0.0
-0.9781476 -0.20791169 0.0
-0.9135454 -0.40673664 0.0
-0.809017 -0.58778524 0.0
-0.6691306 -0.7431448 0.0
-0.5 -0.8660254 0.0
-0.309017 -0.95105654 0.0
-0.104528464 -0.9945219 0.0
0.104528464 -0.9945219 0.0
0.309017 -0.95105654 0.0
0.5 -0.8660254 0.0
0.6691306 -0.7431448 0.0
0.809017 -0.58778524 0.0
0.9135454 -0.40673664 0.0
0.9781476 -0.20791169 0.0
1.0 -2.4492937E-16 0.0
0.0 0.0 1.0
0.0 0.0 -1.0
3 1 0 2 0 0 1 
3 1 2 3 0 1 1 
3 3 2 4 1 1 2 
3 3 4 5 1 2 2 
3 5 4 6 2 2 3 
3 5 6 7 2 3 3 
3 7 6 8 3 3 4 
3 7 8 9 3 4 4 
3 9 8 10 4 4 5 
3 9 10 11 4 5 5 
3 11 10 12 5 5 6 
3 11 12 13 5 6 6 
3 13 12 14 6 6 7 
3 13 14 15 6 7 7 
3 15 14 16 7 7 8 
3 15 16 17 7 8 8 
3 17 16 18 8 8 9 
3 17 18 19 8 9 9 
3 19 18 20 9 9 10 
3 19 20 21 9 10 10 
3 21 20 22 10 10 11 
3 21 22 23 10 11 11 
3 23 22 24 11 11 12 
3 23 24 25 11 12 12 
3 25 24 26 12 12 13 
3 25 26 27 12 13 13 
3 27 26 28 13 13 14 
3 27 28 29 13 14 14 
3 29 28 30 14 14 15 
3 29 30 31 14 15 15 
3 31 30 32 15 15 16 
3 31 32 33 15 16 16 
3 33 32 34 16 16 17 
3 33 34 35 16 17 17 
3 35 34 36 17 17 18 
3 35 36 37 17 18 18 
3 37 36 38 18 18 19 
3 37 38 39 18 19 19 
3 39 38 40 19 19 20 
3 39 40 41 19 20 20 
3 41 40 42 20 20 21 
3 41 42 43 20 21 21 
3 43 42 44 21 21 22 
3 43 44 45 21 22 22 
3 45 44 46 22 22 23 
3 45 46 47 22 23 23 
3 47 46 48 23 23 24 
3 47 48 49 23 24 24 
3 49 48 50 24 24 25 
3 49 50 51 24 25 25 
3 51 50 52 25 25 26 
3 51 52 53 25 26 26 
3 53 52 54 26 26 27 
3 53 54 55 26 27 27 
3 55 54 56 27 27 28 
3 55 56 57 27 28 28 
3 57 56 58 28 28 29 
3 57 58 59 28 29 29 
3 59 58 60 29 29 30 
3 59 60 61 29 30 30 
3 1 3 5 31 31 31 
3 1 5 7 31 31 31 
3 1 7 9 31 31 31 
3 1 9 11 31 31 31 
3 1 11 13 31 31 31 
3 1 13 15 31 31 31 
3 1 15 17 31 31 31 
3 1 17 19 31 31 31 
3 1 19 21 31 31 31 
3 1 21 23 31 31 31 
3 1 23 25 31 31 31 
3 1 25 27 31 31 31 
3 1 27 29 31 31 31 
3 1 29 31 31 31 31 
3 1 31 33 31 31 31 
3 1 33 35 31 31 31 
3 1 35 37 31 31 31 
3 1 37 39 31 31 31 
3 1 39 41 31 31 31 
3 1 41 43 31 31 31 
3 1 43 45 31 31 31 
3 1 45 47 31 31 31 
3 1 47 49 31 31 31 
3 1 49 51 31 31 31 
3 1 51 53 31 31 31 
3 1 53 55 31 31 31 
3 1 55 57 31 31 31 
3 1 57 59 31 31 31 
3 0 4 2 32 32 32 
3 0 6 4 32 32 32 
3 0 8 6 32 32 32 
3 0 10 8 32 32 32 
3 0 12 10 32 32 32 
3 0 14 12 32 32 32 
3 0 16 14 32 32 32 
3 0 18 16 32 32 32 
3 0 20 18 32 32 32 
3 0 22 20 32 32 32 
3 0 24 22 32 32 32 
3 0 26 24 32 32 32 
3 0 28 26 32 32 32 
3 0 30 28 32 32 32 
3 0 32 30 32 32 32 
3 0 34 32 32 32 32 
3 0 36 34 32 32 32 
3 0 38 36 32 32 32 
3 0 40 38 32 32 32 
3 0 42 40 32 32 32 
3 0 44 42 32 32 32 
3 0 46 44 32 32 32 
3 0 48 46 32 32 32 
3 0 50 48 32 32 32 
3 0 52 50 32 32 32 
3 0 54 52 32 32 32 
3 0 56 54 32 32 32 
3 0 58 56 32 32 32 